-5.478540628740459439e+00;-2.177353922426426447e+00;3.814748823156074997e-01;-2.307174160073346858e+00;1.916731511900062968e+00
-4.348709176929944853e+00;-2.348178941064487990e+00;1.153612337145200506e+00;-2.288496269464704191e+00;2.359425595916943674e+00
-5.474176533007135248e+00;-2.184461779064149844e+00;4.019141202496385179e-01;-2.297101721033934840e+00;1.963980245931990165e+00
-5.494307242038066974e+00;-2.166436672032941324e+00;3.741240864459672300e-01;-2.289262909102781851e+00;1.937868556865268488e+00
-5.505893183125820656e+00;-2.169092011912587381e+00;3.776772720856226839e-01;-2.287986953974181059e+00;1.955077270312851168e+00
-5.461539304103089520e+00;-2.025987706361207508e+00;3.723376598548585048e-01;-2.298486225530069316e+00;1.904603165180451363e+00
4.650767592961696728e+00;-3.189484958553630012e+00;-1.010969008975253658e+01;-2.340960154849292874e+00;5.226958051367200042e+00
-3.021838518886152070e+00;-7.169520615496409455e-02;1.915945905563176677e-01;-2.316774266908227187e+00;-4.375654586668209944e+00
-5.461480213543747908e+00;-2.163102755818336220e+00;3.475823628667473741e-01;-2.301729485062654401e+00;1.920046464527662922e+00
-5.738769252962111267e+00;-2.299278498823164707e+00;4.013898525838411890e-01;-2.456409948580366542e+00;2.131491299440389842e+00
-5.479106006944203244e+00;-2.170790651367334956e+00;3.871736422103220221e-01;-2.283648379335832423e+00;1.831947648733552203e+00
-5.472021280478756466e+00;-2.174583064182058489e+00;3.529342345492994526e-01;-2.301039586878899090e+00;1.960691157465110468e+00
-5.506697170973134270e+00;-2.173087019565352218e+00;3.805213700281782074e-01;-2.298585283295087933e+00;1.932839562661035515e+00
1.092873210290120909e+02;2.671318940391225851e+02;1.102314525831119596e+01;-2.431301071233855637e+00;-2.593555979723093401e+02
-5.509669599540774065e+00;-2.175401750459445616e+00;3.789987466111367498e-01;-2.295108711891235664e+00;1.958153901108964146e+00
-5.507999735317407719e+00;-2.179552997525484148e+00;3.849844982695652673e-01;-1.957777184580479002e+00;1.908203603988705366e+00
9.405678686918545850e+01;5.621345864357051525e+00;1.656231611169976503e+01;-2.352299885631172760e+00;-5.278485847790087746e+02
-4.969802729525586216e+00;6.970022507760446073e-01;4.764729056393253726e-01;-2.307910596059338904e+00;1.976008786972828668e+00
-5.475390035816417367e+00;-2.127319367821385754e+00;4.106011534957438314e-01;5.217916431374255204e+00;1.585820673703845607e+00
-5.477011353752016198e+00;-2.156168089109134378e+00;3.798030372762825624e-01;-2.298475224642050119e+00;1.938560336606185874e+00
-5.312481373784825323e+00;-2.194498356401709760e+00;4.139861108044164961e-01;-2.302699363343798211e+00;2.006750044945742495e+00
-5.503166360529488266e+00;-2.155455229180388343e+00;3.768896747321264229e-01;-2.299521198030090474e+00;1.955943839583438537e+00
-5.500089428567421557e+00;-2.172301859342603780e+00;3.804455948645640295e-01;-2.290274737933895022e+00;1.949410672305042391e+00
-5.471931751212109063e+00;-2.178150347202183035e+00;4.009624743224712851e-01;-2.223977650920135662e+00;1.950770370020339373e+00
-5.507492076848496509e+00;-2.180077510304978539e+00;3.855384982802701477e-01;-2.307459331070750075e+00;1.957959666558233280e+00
-5.533377088127539700e+00;-2.185492569696476650e+00;3.823504811289918370e-01;-2.314638294911671501e+00;1.976770396015917974e+00
-5.504949462693491391e+00;-2.173199184809240236e+00;3.812654583801081687e-01;-2.273634447970805716e+00;1.954824353364173151e+00
-5.301756785470471911e+00;-2.125570151589268431e+00;3.505948409222606199e-01;-2.290817932320947659e+00;1.512722769626596353e+00
-5.345006611475425551e+00;-2.173697901330643667e+00;2.267082081510703451e-01;-2.309804266786775528e+00;1.911814328855325318e+00
-5.489910275050444710e+00;-2.176124022616170883e+00;3.845521360855840287e-01;-2.295297601063489790e+00;1.950782249540399693e+00
