-5.438874472121019821e+00;-2.171085350113720391e+00;2.976213521925935579e-01;-2.292754357173489854e+00;1.866179943690664977e+00
-5.503396906352252316e+00;-2.167480517938471518e+00;3.783284702299037905e-01;-2.291588726431480705e+00;1.947062498809361220e+00
-5.498126824862173301e+00;-2.142282723631536712e+00;3.796614825869660259e-01;-2.293526707661804664e+00;1.953157492749007851e+00
-5.498412275823412187e+00;-2.178009447701385159e+00;3.783012186807004906e-01;-2.281942070223952346e+00;1.956248783331693275e+00
-5.334557265159455497e+00;-2.098023495136536187e+00;3.422318857445086349e-01;-2.304522904392007021e+00;1.798973257665678949e+00
-5.498089739552899147e+00;-2.162041604572404463e+00;3.653919684651372179e-01;-2.290543398730763958e+00;1.954987880149273938e+00
-5.474961938869021161e+00;-2.144700826176376918e+00;3.397709713286547473e-01;-2.285646655996454779e+00;1.895898933119485097e+00
-5.488865213706915824e+00;-2.162057182796531585e+00;3.581477065911965463e-01;-2.296894888064361151e+00;1.932417143896173473e+00
-5.499427139556717137e+00;-2.169612600035788486e+00;3.809331183654938724e-01;-2.302851649065950745e+00;1.942846805222971707e+00
-5.477908225052961377e+00;-2.169109993242500867e+00;3.821645047813338469e-01;-2.283976694943413488e+00;1.887043881034305315e+00
-5.513258715642909813e+00;-2.171804917748392683e+00;3.754417544830321862e-01;-2.299176217781224718e+00;1.971794464146058967e+00
-5.550383374525594604e+00;-2.190848489663570930e+00;3.796174686809264953e-01;-2.331556395432394790e+00;1.989158943385270550e+00
1.538044072881828242e+03;-1.424958892569352145e+02;-2.000362033296401933e+03;2.786776797373595826e+01;1.903693676364029272e+02
-5.395885374855239114e+00;-1.892204680563227548e+00;3.338068557614023435e-01;-2.294915332362822635e+00;1.927970068998927866e+00
-5.423143419304156332e+00;-2.195682515002995050e+00;3.725453242795854769e-01;2.059283747957907085e-01;1.839754070049332224e+00
-5.462753449045185228e+00;-2.160741123090362148e+00;3.609751801868603116e-01;-2.287860040414161578e+00;1.917733542721862250e+00
-5.495952020534013549e+00;-2.182950635104719872e+00;3.658108397622310548e-01;-2.301651015283407986e+00;1.951150529849595916e+00
-5.516874729688706402e+00;-2.180164002638241616e+00;3.824618952627403257e-01;-2.308616206061150145e+00;1.954716275873038311e+00
-5.510563875672647605e+00;-2.170326569125790250e+00;3.798010274511927631e-01;-2.272772827674865770e+00;1.953550426811817120e+00
-6.227565722621996258e+00;-2.254130952937028809e+00;4.772117477347541659e-01;-2.808370736687674452e+00;2.584465661649156587e+00
-5.481081718789787338e+00;-2.164389380748457992e+00;3.728127107269741392e-01;-2.297285505527209004e+00;1.933432811927295436e+00
-5.490132907104987581e+00;-2.167889638256162321e+00;3.796908545492723719e-01;-2.289515221640051834e+00;1.927211618177585128e+00
-5.434000232242208739e+00;-2.177734040863077425e+00;4.165311269123024296e-01;-2.295662906063279607e+00;1.942873914038193206e+00
-5.508947238853053818e+00;-2.175648951318383872e+00;3.845767517211729491e-01;-2.165450895272615028e+00;1.942692690104814046e+00
-5.330364973155621300e+00;-2.192591487214117674e+00;3.049929830505490047e-01;-2.296132224797207133e+00;1.931942535701977715e+00
-3.080793031264784432e+00;-1.844916155485170517e+00;4.626224655307019651e-01;-2.348208909939931921e+00;-7.436626462908008328e+00
-5.486032592585647905e+00;-2.174301137949161244e+00;3.836041594562469292e-01;-2.292413558799309747e+00;1.951165178379903997e+00
-4.764158247072427521e+00;-2.055562208899897492e+00;2.627433806367706626e-01;-2.308938405455759124e+00;1.417871204833103027e+00
-4.508294325468154895e+00;-1.935589997497446424e+00;1.475143159196855847e-01;-2.312913820209967053e+00;1.043945889984448039e+00
-5.400800597347618748e+00;-2.186127807471017537e+00;3.271013598143070467e-01;-2.304190085491597983e+00;1.988700237141030280e+00
-4.909791978416887304e+00;1.565553939656681326e+00;4.929907165029168703e-01;-2.316860212384243667e+00;2.042182045603409435e+00
-5.524819108672293311e+00;-2.180009221483822923e+00;3.837504394697551779e-01;-2.241230761617873934e+00;1.950727579072003781e+00
-5.067714809248995422e+00;-2.219865986445553663e+00;2.331154007710499465e-01;-2.327168437309575122e+00;1.722352713511088540e+00
-5.434029735165840869e+00;-2.161784398905544968e+00;3.845643585960762389e-01;-2.288114221758240863e+00;1.615891528013436940e+00
-5.051362726516595458e+00;-2.240927232796499080e+00;6.539215179640629483e-01;-2.304014731260531690e+00;2.089700479680584699e+00
-5.504582397667275195e+00;-2.180975866639756511e+00;3.840041980640664931e-01;-1.823313959610673329e+00;1.870772596934902054e+00
-5.392237590566121952e+00;-1.610501301842186761e+00;3.937367707788099191e-01;-2.304612646120127728e+00;1.859297163241781181e+00
-5.454995376718059674e+00;-2.173064095598550960e+00;3.895975669677542719e-01;-2.298397640200927405e+00;1.810295970796488962e+00
-5.425415887641411139e+00;-2.181166968080921809e+00;3.845566281245285656e-01;-2.255520016157383179e+00;1.961658872908651485e+00
4.804950525179717324e+00;-4.066918205414896903e+00;8.735976159887847814e+00;-2.295237054830798762e+00;6.189365862021187326e+00
-5.433450529261028450e+00;-2.110234845757436695e+00;3.620950001117211881e-01;-2.297282274158046977e+00;1.896390055636379746e+00
-5.447388334584112535e+00;-2.181672242754262303e+00;4.103141431851954901e-01;-2.290076331677707522e+00;1.980086917245840183e+00
-5.353745246354834286e+00;-2.189534957168447704e+00;2.876604899927274750e-01;-2.234474587805666879e+00;1.923227912871656509e+00
-5.367920526488298982e+00;-2.137550715928592027e+00;3.923815864248655361e-01;-2.285520268205008421e+00;1.305381177873155663e+00
-5.442947680999965065e+00;-2.181289502794795609e+00;3.763364139574445488e-01;-2.316515135577606355e+00;1.877464722309912570e+00
-5.474472214811189730e+00;-2.168069214408259615e+00;3.876475103845078429e-01;-2.279412327304109365e+00;1.833503714073235979e+00
-4.477039981516728773e+00;-2.093852915150524741e+00;-7.718620648862186684e-01;-2.308615340234164925e+00;1.738168814649644123e+00
-5.480894147321918375e+00;-2.149541922608814382e+00;3.707476992569986307e-01;-2.307574924366650571e+00;1.912743194913052003e+00
-5.507214052373905488e+00;-2.177446156584137871e+00;3.823477985000633406e-01;-2.295908201315195907e+00;1.958417996109057091e+00
-5.454501043146375849e+00;-1.998506571111242858e+00;3.758807958275290351e-01;-2.284199581224208409e+00;1.898366293751788225e+00
