-5.474036207415731603e+00;-2.162377572716701390e+00;3.807372034154293261e-01;-2.301845851755683015e+00;1.942356588049663602e+00
-5.505366567459906157e+00;-2.177174514970185104e+00;3.798696110867066933e-01;-2.287489524069037383e+00;1.953999350260355872e+00
-5.430470344502362323e+00;-2.183298197933098983e+00;4.223977434175406609e-01;-2.288696284707169237e+00;1.964241561056856655e+00
-5.676748341816267640e+00;-2.265756127664979136e+00;3.964395822346905573e-01;-2.415804650038737567e+00;2.103238501053949161e+00
-5.491563154089241117e+00;-2.172549385897974972e+00;3.786424104833929771e-01;-2.293827386688004122e+00;1.929383908045781748e+00
-5.504510075072057695e+00;-2.171999634374248256e+00;3.742115321539580819e-01;-2.305481224342339708e+00;1.942638407764232467e+00
-5.468210425752475956e+00;-2.171548629830729826e+00;3.395881895364067926e-01;-2.302307553166564436e+00;1.952794310953296808e+00
-1.239187235629330974e+00;3.351531933419766851e+00;-2.878297036572013301e+00;-2.304517060292450292e+00;5.607983867596135763e-01
7.013854780329394316e+02;5.534181533759293359e+01;1.106631381961454110e+02;-3.077667337945725556e+00;-3.730484067056488584e+03
-5.413907482150754014e+00;-1.854314084883371905e+00;3.769274773318195826e-01;-2.298569395151044858e+00;1.878866786168001068e+00
1.871559100219560378e+03;-3.027898474234743844e+02;1.112058881658736482e+03;-2.158405130298562291e+00;3.919056282680732011e+02
-5.482367246914567005e+00;-2.145699253327686407e+00;3.711743307307103223e-01;-2.298783413986160706e+00;1.919403275286791333e+00
2.126016471902128251e+04;-3.246259077314638262e+02;3.385707476762606802e+03;-4.362537376430458913e+00;-5.749481548118854698e+04
-5.351384200701200911e+00;-2.241527450985733250e+00;2.772089680204880557e-01;3.057379980911798256e+01;1.062931087469443314e+00
-5.415142813755363882e+00;-2.168152571291970254e+00;3.435396298261341186e-01;-2.305958027511652464e+00;1.914231709786984981e+00
-5.501867025001056177e+00;-2.184276978050119222e+00;3.921405728743578845e-01;-2.306950019043440658e+00;1.964549193379279579e+00
-5.476281788543449380e+00;-2.163789032756283870e+00;3.872915393316027632e-01;-2.272322353857228805e+00;1.815812094084463535e+00
-5.499096076648823939e+00;-2.162241533678297412e+00;3.758192273089387969e-01;-2.290628597673708189e+00;1.948320226637611619e+00
-5.540802683664659334e+00;-2.197011274154362148e+00;3.873259756094024620e-01;-2.328336612492892144e+00;1.982214828118598948e+00
-5.478515635141862461e+00;-2.182390464601586366e+00;3.917797880631876395e-01;-2.290078041651178786e+00;1.960351071498320774e+00
-5.468803282835888346e+00;-2.183436602497383916e+00;3.880607069611107796e-01;-2.311874398007496723e+00;1.865552722564952859e+00
-5.502471957444296180e+00;-2.180417745837114119e+00;3.747474333304110505e-01;-2.303778199599313847e+00;1.961418240595351303e+00
-5.516289146324903747e+00;-2.172029183533546792e+00;3.792250408658648930e-01;-2.299293636299104104e+00;1.961879460697216970e+00
-5.498270432838776145e+00;-2.175707241272776482e+00;3.873785096577769815e-01;-2.240866514963721023e+00;1.952085643571204177e+00
-5.091753563691619355e+00;-2.115866455803454116e+00;6.327714220639153730e-02;-2.302441008232009256e+00;1.555966965295298099e+00
6.470298471025756726e+01;6.810303318564432118e+01;1.489866937658699264e+00;-2.542735127719452315e+00;-1.300561895910272199e+02
-5.501468060415536598e+00;-2.173098578567124406e+00;3.830923435329352533e-01;-2.299131628592128607e+00;1.950177573419859423e+00
-5.489719827595368251e+00;-2.173063148865838734e+00;3.892771280966910719e-01;-1.739642153411493863e+00;1.921137307422689844e+00
-4.653987480329424997e+00;-2.295525536150476054e+00;8.627198107231652813e-01;-2.301602731668319191e+00;2.243818018560955085e+00
-5.492793667405960534e+00;-2.172710277630657938e+00;3.843738372779325063e-01;-2.286566013261229990e+00;1.953199842438003708e+00
