2.304798695307000767e+00;1.321992529351638357e+00;7.914578436879902590e+00;-1.142527414250056106e+00;-9.333680377998700983e-01;-1.910878059359187420e+00;-1.180888110572290844e-01;-2.014641274766974244e-01;-4.390430990032194100e-03
2.319283695358179909e+00;1.372823214987989537e+00;6.177085873486182876e+00;-1.713722836435300212e-01;6.794280401045863726e+00;-4.380823969137674911e-01;1.878247582535632898e-01;-1.620412148750828285e-01;2.611464480552540615e-02
2.365470754116903773e+00;5.272006271981475756e+00;-1.185103099634705615e+00;1.479344490524624007e+03;7.554082689264699724e+00;2.428513337303303743e+01;5.992672138293857031e+00;-3.460901067501561901e+00;6.495716821782758776e-01
2.287908607683846629e+00;1.305818709373001374e+00;7.792730739445025812e+00;-1.134616950845085404e+00;-8.708982981556990799e-01;-1.871256571933213708e+00;-1.065568018936815936e-01;-1.924466939799527598e-01;-1.892307625391130132e-03
2.297719375679895926e+00;1.300390575953908057e+00;7.771408528537629756e+00;-1.050896254491932025e+00;-9.029680928460630529e-01;-1.868899015206251457e+00;-1.221832642272212693e-01;-2.036183293847142750e-01;1.679628686298236841e-03
2.291738341811641266e+00;1.225874307380344419e+00;7.814961402078761665e+00;-1.142187291475810662e+00;-9.305893910438312044e-01;-1.864506743256790999e+00;-1.298711947856986959e-01;-1.998807366992701728e-01;-3.507506112274730824e-04
2.296150863607302028e+00;1.300506140238772756e+00;7.699305022439335566e+00;-1.133222858173565939e+00;-9.255461440471477452e-01;-1.886835586127144859e+00;-1.239134015503937647e-01;-1.986406150113264046e-01;4.497751710507581074e-03
2.289207050482071626e+00;1.286737214846912947e+00;7.843456627590096986e+00;-1.144228252655645761e+00;-9.293069395254764942e-01;-1.857836213864340280e+00;-1.304206737011266160e-01;-1.979354923852885695e-01;-1.161737807817212614e-02
2.295241246880589614e+00;1.278186744397733277e+00;7.799713378540046982e+00;-1.137030389998800128e+00;-9.365342908031096814e-01;-1.816889132602565793e+00;-1.424915422167551127e-01;-2.300166528362144469e-01;3.464495792121544127e-02
-3.051166353233332984e+02;9.851350560572107451e-01;-9.170080156074207878e+01;-1.136152998984478302e+00;-2.663259950552743227e+00;-7.030860643377081942e+00;-7.953068987941802614e-01;-8.116173677039069390e-02;-2.330171766285088833e-02
2.299499266967015565e+00;1.311843609338451344e+00;7.811083976368961679e+00;-1.099928713320382778e+00;-6.972671946421248323e-01;-1.852100599841943307e+00;-1.011353486655150319e-01;-1.966855490328639211e-01;-3.018482302127345994e-03
1.826230315641888868e+00;9.653528408486544699e-01;4.562895320694371648e+00;-1.093279374453314468e+00;-7.625570569729469561e-01;-2.099065853865920150e+00;-1.794297117165784550e-01;-1.669393375375998745e-01;-2.322036867397913023e-03
2.267490833300890962e+00;1.293023673708688870e+00;5.609417725960343049e+00;-7.700187679592188639e-01;-7.621530190215271006e-01;-1.856416888262191867e+00;-2.739280981633521184e-01;3.983498076802829968e-02;-1.305740327210160381e-02
2.287611503824431569e+00;1.304134900107366990e+00;7.801256457815560985e+00;-1.137153473314646002e+00;-9.246002446008567688e-01;-1.876810084030253289e+00;-1.239679179718230773e-01;-2.054867888044021318e-01;2.271203222576710645e-02
2.296701399582617764e+00;1.216900512460297179e+00;7.224492876284034359e+00;-1.116213950840374558e+00;-8.603885966485713688e-01;-1.930287156356875533e+00;-1.176921648814940324e-01;-1.858001948115505508e-01;8.357230100508164505e-03
2.296529491186544814e+00;1.305026467191899409e+00;7.797894962069876534e+00;-1.145251080156439949e+00;-9.371282216897433015e-01;-1.862248767074384581e+00;-8.110315805651957533e-02;-1.864264413981637780e-01;-9.094586332056012884e-03
2.269376127676226318e+00;1.332240903808092458e+00;1.861531063184770574e+00;-8.052911569975029771e-01;-9.477804167291156157e-01;-2.157702079263741801e+00;-1.473329102132026613e-01;-1.058903276326281923e-01;-3.032259107740967012e-03
2.292748018262929843e+00;1.289783050238676676e+00;7.793250872046792566e+00;-1.137305506908664832e+00;-9.282533811366244780e-01;-1.879147745966456284e+00;-1.289691373084956294e-01;-1.977465822551240648e-01;3.811233594420932423e-03
2.296590366318728815e+00;1.162191454238974631e+00;7.634922972960924703e+00;-1.130331058408517331e+00;-8.203875303640005834e-01;-1.903500089015721874e+00;-1.234502359744827082e-01;-1.983228691004716437e-01;8.290252809572356760e-03
2.315394045755859498e+00;1.292588958244689223e+00;7.352579226105396160e+00;2.511864126077413051e+00;-7.986777790039917280e-01;-1.896671568694875187e+00;-1.170946573425980380e-01;-1.921534199046069091e-01;5.391463187498697109e-03
2.292793918024093269e+00;1.288234530161700864e+00;7.825146734486105871e+00;-1.143429529699682368e+00;-9.360443089299648189e-01;-1.809238420338193931e+00;-7.540317376130910298e-02;-1.654018416226503418e-01;1.098332199742196001e-02
2.272750437343615371e+00;1.287506548702888498e+00;6.485345919823632954e+00;-1.108195710401389755e+00;-9.117166522825969066e-01;-1.976279425572649906e+00;-1.232721595955310889e-01;-1.872899325133389747e-01;6.847217030612744171e-03
2.356506887427106900e+00;1.541363042365976543e+00;8.782715748576995551e+00;-1.322624175540767721e+00;-1.077287800740673873e+00;-2.270173694366485417e+00;-1.429246292901883431e-01;-2.414246162419632358e-01;-1.737770764706461982e-02
2.300464159892521732e+00;1.313060590601892397e+00;7.737775625247093281e+00;-1.138507895957236782e+00;-9.482045113237117517e-01;-1.809013780157978868e+00;6.981913359244223960e-02;-1.345851539221064597e-01;-3.987140097533608922e-03
2.296129172509950855e+00;-3.346548326351823732e+01;5.229082855999982904e+00;-3.916426075265654339e-01;-6.021316046606915995e-01;-1.718068151124213072e+00;-3.969630077478894514e-01;2.342619321361898710e-01;-2.766072025337889401e-02
2.337257555623787120e+00;1.472087347062303042e+00;7.731430320894249419e+00;-1.267160261953992784e+00;-1.048008470845522178e+00;-2.195708803914803831e+00;-1.413027122314977069e-01;-2.121275515188175143e-01;-1.050463562233665098e-02
2.304216273018136363e+00;1.289441025328954771e+00;7.615073716343945698e+00;-1.132041529733485374e+00;8.109054636448482789e-01;-1.549087698449054917e+00;-3.029601996514265719e-02;-2.049340852319174733e-01;3.995060744115376018e-03
1.780772473034352377e+00;1.652335492766542790e+00;-4.606323966560679395e+01;-9.132737565859223583e-01;-1.787181938395304925e+00;-4.654363073531351702e+00;-5.157826986661430135e-01;-9.059891966871659597e-02;-1.485014135371209333e-02
-1.537396285490163628e+01;2.315209935087992221e+01;-3.110183426751516436e+03;-9.217954010320006830e+00;-5.898988775528177797e+01;-1.627281082164218162e+02;-2.040975962851828385e+01;1.591409729872693468e+00;-6.897804526124933222e-01
2.295350407076274024e+00;1.239404952513295521e+00;7.508429591544779846e+00;-1.123585373464649040e+00;-8.793846108596027333e-01;-1.895519971263139647e+00;-1.221017882711795122e-01;-1.957531510595028335e-01;6.690074527130952450e-03
